# Блоки тестовой станции (отрезок — блок), генерирует generate_layout.py.
# kind x0 y0 z0 sx sy sz — угол и размер в ячейках сетки 0,25 м; z — вверх.
slab 0 0 0 388 196 1
slab 0 0 16 388 52 1
slab 64 52 16 324 20 1
slab 0 52 16 28 36 1
slab 200 72 16 188 16 1
slab 64 72 16 124 16 1
slab 0 88 16 388 20 1
slab 360 108 16 28 36 1
slab 0 108 16 324 36 1
slab 0 144 16 388 52 1
slab 0 0 32 388 72 1
slab 0 72 32 188 16 1
slab 200 72 32 188 16 1
slab 0 88 32 388 108 1
slab 0 0 48 388 52 1
slab 64 52 48 324 20 1
slab 0 52 48 28 36 1
slab 200 72 48 188 16 1
slab 64 72 48 124 16 1
slab 0 88 48 388 20 1
slab 360 108 48 28 36 1
slab 0 108 48 324 36 1
slab 0 144 48 388 52 1
slab 0 0 64 388 52 1
slab 64 52 64 324 20 1
slab 0 52 64 28 36 1
slab 200 72 64 188 16 1
slab 64 72 64 124 16 1
slab 0 88 64 388 20 1
slab 360 108 64 28 36 1
slab 0 108 64 324 36 1
slab 0 144 64 388 52 1
slab 0 0 80 388 52 1
slab 64 52 80 324 20 1
slab 0 52 80 28 36 1
slab 200 72 80 188 16 1
slab 64 72 80 124 16 1
slab 0 88 80 388 20 1
slab 360 108 80 28 36 1
slab 0 108 80 324 36 1
slab 0 144 80 388 52 1
slab 0 0 96 388 52 1
slab 64 52 96 324 20 1
slab 0 52 96 28 36 1
slab 200 72 96 188 16 1
slab 64 72 96 124 16 1
slab 0 88 96 388 20 1
slab 360 108 96 28 36 1
slab 0 108 96 324 36 1
slab 0 144 96 388 52 1
slab 0 0 112 388 52 1
slab 64 52 112 324 20 1
slab 0 52 112 28 36 1
slab 200 72 112 188 16 1
slab 64 72 112 124 16 1
slab 0 88 112 388 20 1
slab 360 108 112 28 36 1
slab 0 108 112 324 36 1
slab 0 144 112 388 52 1
slab 0 0 128 388 52 1
slab 64 52 128 324 20 1
slab 0 52 128 28 36 1
slab 200 72 128 188 16 1
slab 64 72 128 124 16 1
slab 0 88 128 388 20 1
slab 360 108 128 28 36 1
slab 0 108 128 324 36 1
slab 0 144 128 388 52 1
slab 0 0 144 388 196 1
wall 0 0 1 40 4 15
wall 48 0 1 340 4 15
wall 64 8 1 32 4 15
wall 100 8 1 56 4 15
wall 160 8 1 32 4 15
wall 196 8 1 44 4 15
wall 244 8 1 76 4 15
wall 324 8 1 40 4 15
wall 224 12 1 36 4 15
wall 224 32 1 36 4 15
wall 24 48 1 16 4 15
wall 48 48 1 20 4 15
wall 184 68 1 20 4 15
wall 0 80 1 12 4 15
wall 16 80 1 12 4 15
wall 360 80 1 12 4 15
wall 376 80 1 12 4 15
wall 24 88 1 16 4 15
wall 48 88 1 48 4 15
wall 104 88 1 52 4 15
wall 164 88 1 24 4 15
wall 200 88 1 40 4 15
wall 248 88 1 72 4 15
wall 328 88 1 36 4 15
wall 24 104 1 48 4 15
wall 80 104 1 92 4 15
wall 180 104 1 92 4 15
wall 280 104 1 56 4 15
wall 344 104 1 20 4 15
wall 0 112 1 12 4 15
wall 16 112 1 12 4 15
wall 360 112 1 12 4 15
wall 376 112 1 12 4 15
wall 320 144 1 16 4 15
wall 344 144 1 20 4 15
wall 24 184 1 48 4 15
wall 76 184 1 96 4 15
wall 176 184 1 96 4 15
wall 276 184 1 48 4 15
wall 0 192 1 336 4 15
wall 344 192 1 44 4 15
wall 0 0 1 4 92 15
wall 0 104 1 4 92 15
wall 24 0 1 4 92 15
wall 24 104 1 4 84 15
wall 64 8 1 4 84 15
wall 120 104 1 4 84 15
wall 128 8 1 4 84 15
wall 184 8 1 4 24 15
wall 184 40 1 4 52 15
wall 200 8 1 4 84 15
wall 224 8 1 4 28 15
wall 224 104 1 4 84 15
wall 228 8 1 4 8 15
wall 232 8 1 4 8 15
wall 236 8 1 4 8 15
wall 244 8 1 4 8 15
wall 248 8 1 4 8 15
wall 252 8 1 4 8 15
wall 256 8 1 4 28 15
wall 280 8 1 4 84 15
wall 320 104 1 4 84 15
wall 360 8 1 4 84 15
wall 360 104 1 4 92 15
wall 384 0 1 4 92 15
wall 384 104 1 4 92 15
door 40 0 1 8 4 15
door 64 4 1 4 4 15
door 360 4 1 4 4 15
door 96 8 1 4 4 15
door 156 8 1 4 4 15
door 192 8 1 4 4 15
door 240 8 1 4 4 15
door 320 8 1 4 4 15
door 8 12 1 8 8 15
door 372 12 1 8 8 15
door 184 32 1 4 8 15
door 40 48 1 8 4 15
door 12 80 1 4 4 15
door 372 80 1 4 4 15
door 40 88 1 8 4 15
door 96 88 1 8 4 15
door 156 88 1 8 4 15
door 188 88 1 12 4 15
door 240 88 1 8 4 15
door 320 88 1 8 4 15
door 0 92 1 4 12 15
door 24 92 1 4 12 15
door 360 92 1 4 12 15
door 384 92 1 4 12 15
door 72 104 1 8 4 15
door 172 104 1 8 4 15
door 272 104 1 8 4 15
door 336 104 1 8 4 15
door 12 112 1 4 4 15
door 372 112 1 4 4 15
door 336 144 1 8 4 15
door 8 176 1 8 8 15
door 372 176 1 8 8 15
door 72 184 1 4 4 15
door 172 184 1 4 4 15
door 272 184 1 4 4 15
door 24 188 1 4 4 15
door 320 188 1 4 4 15
door 336 192 1 8 4 15
wedge 28 52 1 4 4 4
wedge 32 52 1 4 4 4
wedge 28 56 5 4 4 4
wedge 32 56 5 4 4 4
wedge 56 52 1 4 4 4
wedge 60 52 1 4 4 4
wedge 56 56 5 4 4 4
wedge 60 56 5 4 4 4
wedge 324 108 1 4 4 4
wedge 328 108 1 4 4 4
wedge 324 112 5 4 4 4
wedge 328 112 5 4 4 4
wedge 352 108 1 4 4 4
wedge 356 108 1 4 4 4
wedge 352 112 5 4 4 4
wedge 356 112 5 4 4 4
wall 0 0 17 40 4 15
wall 48 0 17 340 4 15
wall 64 8 17 32 4 15
wall 100 8 17 56 4 15
wall 160 8 17 32 4 15
wall 196 8 17 44 4 15
wall 244 8 17 76 4 15
wall 324 8 17 40 4 15
wall 224 12 17 36 4 15
wall 224 32 17 36 4 15
wall 24 48 17 16 4 15
wall 48 48 17 20 4 15
wall 184 68 17 20 4 15
wall 0 80 17 12 4 15
wall 16 80 17 12 4 15
wall 360 80 17 12 4 15
wall 376 80 17 12 4 15
wall 24 88 17 16 4 15
wall 48 88 17 48 4 15
wall 104 88 17 52 4 15
wall 164 88 17 24 4 15
wall 200 88 17 40 4 15
wall 248 88 17 72 4 15
wall 328 88 17 36 4 15
wall 24 104 17 48 4 15
wall 80 104 17 92 4 15
wall 180 104 17 92 4 15
wall 280 104 17 56 4 15
wall 344 104 17 20 4 15
wall 0 112 17 12 4 15
wall 16 112 17 12 4 15
wall 360 112 17 12 4 15
wall 376 112 17 12 4 15
wall 320 144 17 16 4 15
wall 344 144 17 20 4 15
wall 24 184 17 48 4 15
wall 76 184 17 96 4 15
wall 176 184 17 96 4 15
wall 276 184 17 48 4 15
wall 0 192 17 336 4 15
wall 344 192 17 44 4 15
wall 0 0 17 4 92 15
wall 0 104 17 4 92 15
wall 24 0 17 4 92 15
wall 24 104 17 4 84 15
wall 64 8 17 4 84 15
wall 120 104 17 4 84 15
wall 128 8 17 4 84 15
wall 184 8 17 4 24 15
wall 184 40 17 4 52 15
wall 200 8 17 4 84 15
wall 224 8 17 4 28 15
wall 224 104 17 4 84 15
wall 228 8 17 4 8 15
wall 232 8 17 4 8 15
wall 236 8 17 4 8 15
wall 244 8 17 4 8 15
wall 248 8 17 4 8 15
wall 252 8 17 4 8 15
wall 256 8 17 4 28 15
wall 280 8 17 4 84 15
wall 320 104 17 4 84 15
wall 360 8 17 4 84 15
wall 360 104 17 4 92 15
wall 384 0 17 4 92 15
wall 384 104 17 4 92 15
door 40 0 17 8 4 15
door 64 4 17 4 4 15
door 360 4 17 4 4 15
door 96 8 17 4 4 15
door 156 8 17 4 4 15
door 192 8 17 4 4 15
door 240 8 17 4 4 15
door 320 8 17 4 4 15
door 8 12 17 8 8 15
door 372 12 17 8 8 15
door 184 32 17 4 8 15
door 40 48 17 8 4 15
door 12 80 17 4 4 15
door 372 80 17 4 4 15
door 40 88 17 8 4 15
door 96 88 17 8 4 15
door 156 88 17 8 4 15
door 188 88 17 12 4 15
door 240 88 17 8 4 15
door 320 88 17 8 4 15
door 0 92 17 4 12 15
door 24 92 17 4 12 15
door 360 92 17 4 12 15
door 384 92 17 4 12 15
door 72 104 17 8 4 15
door 172 104 17 8 4 15
door 272 104 17 8 4 15
door 336 104 17 8 4 15
door 12 112 17 4 4 15
door 372 112 17 4 4 15
door 336 144 17 8 4 15
door 8 176 17 8 8 15
door 372 176 17 8 8 15
door 72 184 17 4 4 15
door 172 184 17 4 4 15
door 272 184 17 4 4 15
door 24 188 17 4 4 15
door 320 188 17 4 4 15
door 336 192 17 8 4 15
wedge 28 52 17 4 4 4
wedge 32 52 17 4 4 4
wedge 28 56 21 4 4 4
wedge 32 56 21 4 4 4
wedge 56 52 17 4 4 4
wedge 60 52 17 4 4 4
wedge 56 56 21 4 4 4
wedge 60 56 21 4 4 4
wedge 324 108 17 4 4 4
wedge 328 108 17 4 4 4
wedge 324 112 21 4 4 4
wedge 328 112 21 4 4 4
wedge 352 108 17 4 4 4
wedge 356 108 17 4 4 4
wedge 352 112 21 4 4 4
wedge 356 112 21 4 4 4
wall 0 0 33 40 4 15
wall 48 0 33 340 4 15
wall 64 8 33 60 4 15
wall 128 8 33 64 4 15
wall 196 8 33 44 4 15
wall 244 8 33 76 4 15
wall 324 8 33 40 4 15
wall 24 48 33 16 4 15
wall 48 48 33 20 4 15
wall 184 68 33 20 4 15
wall 0 80 33 12 4 15
wall 16 80 33 12 4 15
wall 360 80 33 12 4 15
wall 376 80 33 12 4 15
wall 24 88 33 16 4 15
wall 48 88 33 76 4 15
wall 132 88 33 56 4 15
wall 200 88 33 40 4 15
wall 248 88 33 72 4 15
wall 328 88 33 36 4 15
wall 24 104 33 48 4 15
wall 80 104 33 80 4 15
wall 168 104 33 64 4 15
wall 240 104 33 52 4 15
wall 300 104 33 36 4 15
wall 344 104 33 20 4 15
wall 0 112 33 12 4 15
wall 16 112 33 12 4 15
wall 360 112 33 12 4 15
wall 376 112 33 12 4 15
wall 320 144 33 16 4 15
wall 344 144 33 20 4 15
wall 24 184 33 48 4 15
wall 76 184 33 84 4 15
wall 164 184 33 160 4 15
wall 0 192 33 336 4 15
wall 344 192 33 44 4 15
wall 0 0 33 4 92 15
wall 0 104 33 4 92 15
wall 24 0 33 4 92 15
wall 24 104 33 4 84 15
wall 64 8 33 4 84 15
wall 120 104 33 4 84 15
wall 184 8 33 4 24 15
wall 184 40 33 4 52 15
wall 200 8 33 4 84 15
wall 200 104 33 4 84 15
wall 264 104 33 4 84 15
wall 280 8 33 4 84 15
wall 320 104 33 4 84 15
wall 360 8 33 4 84 15
wall 360 104 33 4 92 15
wall 384 0 33 4 92 15
wall 384 104 33 4 92 15
door 40 0 33 8 4 15
door 64 4 33 4 4 15
door 360 4 33 4 4 15
door 124 8 33 4 4 15
door 192 8 33 4 4 15
door 240 8 33 4 4 15
door 320 8 33 4 4 15
door 184 32 33 4 8 15
door 40 48 33 8 4 15
door 12 80 33 4 4 15
door 372 80 33 4 4 15
door 40 88 33 8 4 15
door 124 88 33 8 4 15
door 188 88 33 12 4 15
door 240 88 33 8 4 15
door 320 88 33 8 4 15
door 0 92 33 4 12 15
door 24 92 33 4 12 15
door 360 92 33 4 12 15
door 384 92 33 4 12 15
door 72 104 33 8 4 15
door 160 104 33 8 4 15
door 232 104 33 8 4 15
door 292 104 33 8 4 15
door 336 104 33 8 4 15
door 12 112 33 4 4 15
door 372 112 33 4 4 15
door 336 144 33 8 4 15
door 72 184 33 4 4 15
door 160 184 33 4 4 15
door 24 188 33 4 4 15
door 320 188 33 4 4 15
door 336 192 33 8 4 15
wedge 28 52 33 4 4 4
wedge 32 52 33 4 4 4
wedge 28 56 37 4 4 4
wedge 32 56 37 4 4 4
wedge 56 52 33 4 4 4
wedge 60 52 33 4 4 4
wedge 56 56 37 4 4 4
wedge 60 56 37 4 4 4
wedge 324 108 33 4 4 4
wedge 328 108 33 4 4 4
wedge 324 112 37 4 4 4
wedge 328 112 37 4 4 4
wedge 352 108 33 4 4 4
wedge 356 108 33 4 4 4
wedge 352 112 37 4 4 4
wedge 356 112 37 4 4 4
wall 0 0 49 40 4 15
wall 48 0 49 340 4 15
wall 64 8 49 128 4 15
wall 196 8 49 168 4 15
wall 288 24 49 8 4 15
wall 300 24 49 8 4 15
wall 312 24 49 20 4 15
wall 336 24 49 8 4 15
wall 348 24 49 16 4 15
wall 212 28 49 8 4 15
wall 228 28 49 8 4 15
wall 244 28 49 8 4 15
wall 260 28 49 8 4 15
wall 276 28 49 8 4 15
wall 288 32 49 8 4 15
wall 300 32 49 8 4 15
wall 312 32 49 8 4 15
wall 336 32 49 8 4 15
wall 348 32 49 16 4 15
wall 24 48 49 16 4 15
wall 48 48 49 20 4 15
wall 280 48 49 40 4 15
wall 328 48 49 28 4 15
wall 288 64 49 8 4 15
wall 300 64 49 8 4 15
wall 312 64 49 8 4 15
wall 336 64 49 8 4 15
wall 348 64 49 16 4 15
wall 184 68 49 20 4 15
wall 280 72 49 16 4 15
wall 304 72 49 16 4 15
wall 336 72 49 8 4 15
wall 348 72 49 16 4 15
wall 312 76 49 8 4 15
wall 0 80 49 12 4 15
wall 16 80 49 12 4 15
wall 312 80 49 8 4 15
wall 360 80 49 12 4 15
wall 376 80 49 12 4 15
wall 312 84 49 8 4 15
wall 24 88 49 16 4 15
wall 48 88 49 44 4 15
wall 100 88 49 52 4 15
wall 160 88 49 28 4 15
wall 200 88 49 40 4 15
wall 248 88 49 72 4 15
wall 328 88 49 36 4 15
wall 24 104 49 48 4 15
wall 80 104 49 72 4 15
wall 160 104 49 56 4 15
wall 224 104 49 60 4 15
wall 292 104 49 44 4 15
wall 344 104 49 20 4 15
wall 0 112 49 12 4 15
wall 16 112 49 12 4 15
wall 360 112 49 12 4 15
wall 376 112 49 12 4 15
wall 320 144 49 16 4 15
wall 344 144 49 20 4 15
wall 24 184 49 36 4 15
wall 92 184 49 232 4 15
wall 0 192 49 60 4 15
wall 92 192 49 244 4 15
wall 344 192 49 44 4 15
wall 0 0 49 4 92 15
wall 0 104 49 4 92 15
wall 24 0 49 4 92 15
wall 24 104 49 4 84 15
wall 64 8 49 4 84 15
wall 120 8 49 4 84 15
wall 120 104 49 4 84 15
wall 184 8 49 4 24 15
wall 184 40 49 4 52 15
wall 184 104 49 4 84 15
wall 200 8 49 4 84 15
wall 216 8 49 4 24 15
wall 232 8 49 4 24 15
wall 248 8 49 4 24 15
wall 248 104 49 4 84 15
wall 264 8 49 4 24 15
wall 280 8 49 4 84 15
wall 292 8 49 4 20 15
wall 292 32 49 4 36 15
wall 304 8 49 4 20 15
wall 304 32 49 4 36 15
wall 312 72 49 4 20 15
wall 316 8 49 4 20 15
wall 316 32 49 4 36 15
wall 316 72 49 4 20 15
wall 320 104 49 4 84 15
wall 328 8 49 4 20 15
wall 328 32 49 4 36 15
wall 328 72 49 4 20 15
wall 340 8 49 4 20 15
wall 340 32 49 4 36 15
wall 340 72 49 4 20 15
wall 352 8 49 4 20 15
wall 352 32 49 4 36 15
wall 352 72 49 4 20 15
wall 360 8 49 4 84 15
wall 360 104 49 4 92 15
wall 384 0 49 4 92 15
wall 384 104 49 4 92 15
door 40 0 49 8 4 15
door 64 4 49 4 4 15
door 360 4 49 4 4 15
door 192 8 49 4 4 15
door 284 24 49 4 4 15
door 296 24 49 4 4 15
door 308 24 49 4 4 15
door 332 24 49 4 4 15
door 344 24 49 4 4 15
door 204 28 49 8 4 15
door 220 28 49 8 4 15
door 236 28 49 8 4 15
door 252 28 49 8 4 15
door 268 28 49 8 4 15
door 184 32 49 4 8 15
door 284 32 49 4 4 15
door 296 32 49 4 4 15
door 308 32 49 4 4 15
door 332 32 49 4 4 15
door 344 32 49 4 4 15
door 40 48 49 8 4 15
door 284 64 49 4 4 15
door 296 64 49 4 4 15
door 308 64 49 4 4 15
door 332 64 49 4 4 15
door 344 64 49 4 4 15
door 296 72 49 8 4 15
door 332 72 49 4 4 15
door 344 72 49 4 4 15
door 12 80 49 4 4 15
door 372 80 49 4 4 15
door 40 88 49 8 4 15
door 92 88 49 8 4 15
door 152 88 49 8 4 15
door 188 88 49 12 4 15
door 240 88 49 8 4 15
door 320 88 49 8 4 15
door 0 92 49 4 12 15
door 24 92 49 4 12 15
door 360 92 49 4 12 15
door 384 92 49 4 12 15
door 72 104 49 8 4 15
door 152 104 49 8 4 15
door 216 104 49 8 4 15
door 284 104 49 8 4 15
door 336 104 49 8 4 15
door 12 112 49 4 4 15
door 372 112 49 4 4 15
door 336 144 49 8 4 15
door 24 188 49 4 4 15
door 320 188 49 4 4 15
door 60 192 49 32 4 15
door 336 192 49 8 4 15
wedge 28 52 49 4 4 4
wedge 32 52 49 4 4 4
wedge 28 56 53 4 4 4
wedge 32 56 53 4 4 4
wedge 56 52 49 4 4 4
wedge 60 52 49 4 4 4
wedge 56 56 53 4 4 4
wedge 60 56 53 4 4 4
wedge 324 108 49 4 4 4
wedge 328 108 49 4 4 4
wedge 324 112 53 4 4 4
wedge 328 112 53 4 4 4
wedge 352 108 49 4 4 4
wedge 356 108 49 4 4 4
wedge 352 112 53 4 4 4
wedge 356 112 53 4 4 4
wall 0 0 65 40 4 15
wall 48 0 65 340 4 15
wall 64 8 65 128 4 15
wall 196 8 65 168 4 15
wall 356 12 65 8 4 15
wall 356 16 65 8 4 15
wall 356 20 65 8 4 15
wall 72 24 65 8 4 15
wall 84 24 65 8 4 15
wall 96 24 65 8 4 15
wall 108 24 65 20 4 15
wall 132 24 65 8 4 15
wall 144 24 65 8 4 15
wall 156 24 65 8 4 15
wall 168 24 65 8 4 15
wall 180 24 65 8 4 15
wall 208 24 65 8 4 15
wall 220 24 65 8 4 15
wall 232 24 65 8 4 15
wall 244 24 65 8 4 15
wall 256 24 65 8 4 15
wall 268 24 65 20 4 15
wall 292 24 65 8 4 15
wall 304 24 65 8 4 15
wall 316 24 65 8 4 15
wall 328 24 65 8 4 15
wall 340 24 65 8 4 15
wall 352 24 65 12 4 15
wall 64 32 65 12 4 15
wall 84 32 65 8 4 15
wall 96 32 65 8 4 15
wall 108 32 65 8 4 15
wall 132 32 65 8 4 15
wall 144 32 65 8 4 15
wall 156 32 65 8 4 15
wall 168 32 65 8 4 15
wall 200 32 65 12 4 15
wall 220 32 65 8 4 15
wall 232 32 65 8 4 15
wall 244 32 65 8 4 15
wall 256 32 65 8 4 15
wall 268 32 65 8 4 15
wall 292 32 65 8 4 15
wall 304 32 65 8 4 15
wall 316 32 65 8 4 15
wall 328 32 65 8 4 15
wall 340 32 65 8 4 15
wall 352 32 65 12 4 15
wall 356 36 65 8 4 15
wall 356 40 65 8 4 15
wall 356 44 65 8 4 15
wall 24 48 65 16 4 15
wall 48 48 65 68 4 15
wall 124 48 65 64 4 15
wall 200 48 65 76 4 15
wall 284 48 65 80 4 15
wall 356 52 65 8 4 15
wall 356 56 65 8 4 15
wall 356 60 65 8 4 15
wall 72 64 65 8 4 15
wall 84 64 65 8 4 15
wall 96 64 65 8 4 15
wall 108 64 65 8 4 15
wall 132 64 65 8 4 15
wall 144 64 65 8 4 15
wall 156 64 65 8 4 15
wall 168 64 65 8 4 15
wall 180 64 65 8 4 15
wall 200 64 65 12 4 15
wall 220 64 65 8 4 15
wall 232 64 65 8 4 15
wall 244 64 65 8 4 15
wall 256 64 65 8 4 15
wall 268 64 65 8 4 15
wall 292 64 65 8 4 15
wall 304 64 65 8 4 15
wall 316 64 65 8 4 15
wall 328 64 65 8 4 15
wall 340 64 65 8 4 15
wall 352 64 65 12 4 15
wall 184 68 65 20 4 15
wall 64 72 65 24 4 15
wall 96 72 65 20 4 15
wall 132 72 65 8 4 15
wall 144 72 65 8 4 15
wall 156 72 65 8 4 15
wall 168 72 65 8 4 15
wall 180 72 65 8 4 15
wall 208 72 65 8 4 15
wall 220 72 65 8 4 15
wall 232 72 65 8 4 15
wall 244 72 65 8 4 15
wall 256 72 65 8 4 15
wall 268 72 65 8 4 15
wall 292 72 65 40 4 15
wall 340 72 65 24 4 15
wall 0 80 65 12 4 15
wall 16 80 65 12 4 15
wall 360 80 65 12 4 15
wall 376 80 65 12 4 15
wall 24 88 65 16 4 15
wall 48 88 65 68 4 15
wall 124 88 65 64 4 15
wall 200 88 65 76 4 15
wall 284 88 65 80 4 15
wall 24 104 65 76 4 15
wall 108 104 65 124 4 15
wall 240 104 65 52 4 15
wall 300 104 65 36 4 15
wall 344 104 65 20 4 15
wall 0 112 65 12 4 15
wall 16 112 65 12 4 15
wall 360 112 65 12 4 15
wall 376 112 65 12 4 15
wall 32 120 65 8 4 15
wall 44 120 65 8 4 15
wall 56 120 65 8 4 15
wall 68 120 65 8 4 15
wall 80 120 65 8 4 15
wall 92 120 65 8 4 15
wall 116 120 65 8 4 15
wall 128 120 65 8 4 15
wall 140 120 65 8 4 15
wall 152 120 65 8 4 15
wall 164 120 65 8 4 15
wall 176 120 65 8 4 15
wall 188 120 65 16 4 15
wall 32 128 65 8 4 15
wall 44 128 65 8 4 15
wall 56 128 65 8 4 15
wall 68 128 65 8 4 15
wall 80 128 65 8 4 15
wall 92 128 65 8 4 15
wall 116 128 65 8 4 15
wall 128 128 65 8 4 15
wall 140 128 65 8 4 15
wall 152 128 65 8 4 15
wall 164 128 65 24 4 15
wall 196 128 65 8 4 15
wall 24 144 65 76 4 15
wall 108 144 65 96 4 15
wall 320 144 65 16 4 15
wall 344 144 65 20 4 15
wall 32 160 65 8 4 15
wall 44 160 65 8 4 15
wall 56 160 65 8 4 15
wall 68 160 65 8 4 15
wall 80 160 65 8 4 15
wall 92 160 65 8 4 15
wall 116 160 65 8 4 15
wall 128 160 65 8 4 15
wall 140 160 65 8 4 15
wall 152 160 65 8 4 15
wall 164 160 65 8 4 15
wall 176 160 65 8 4 15
wall 188 160 65 16 4 15
wall 24 168 65 24 4 15
wall 56 168 65 20 4 15
wall 80 168 65 8 4 15
wall 92 168 65 20 4 15
wall 116 168 65 8 4 15
wall 128 168 65 8 4 15
wall 140 168 65 8 4 15
wall 152 168 65 8 4 15
wall 164 168 65 8 4 15
wall 176 168 65 8 4 15
wall 188 168 65 16 4 15
wall 24 184 65 268 4 15
wall 296 184 65 28 4 15
wall 0 192 65 336 4 15
wall 344 192 65 44 4 15
wall 0 0 65 4 92 15
wall 0 104 65 4 92 15
wall 24 0 65 4 92 15
wall 24 104 65 4 84 15
wall 36 104 65 4 20 15
wall 36 128 65 4 36 15
wall 48 104 65 4 20 15
wall 48 128 65 4 36 15
wall 60 104 65 4 20 15
wall 60 128 65 4 36 15
wall 64 8 65 4 84 15
wall 72 104 65 4 20 15
wall 72 128 65 4 36 15
wall 72 168 65 4 20 15
wall 76 8 65 4 20 15
wall 76 48 65 4 20 15
wall 84 104 65 4 20 15
wall 84 128 65 4 36 15
wall 84 168 65 4 20 15
wall 88 8 65 4 20 15
wall 88 32 65 4 36 15
wall 96 104 65 4 20 15
wall 96 128 65 4 36 15
wall 96 168 65 4 20 15
wall 100 8 65 4 20 15
wall 100 32 65 4 36 15
wall 108 104 65 4 20 15
wall 108 128 65 4 36 15
wall 108 168 65 4 20 15
wall 112 8 65 4 20 15
wall 112 32 65 4 36 15
wall 112 72 65 4 20 15
wall 120 104 65 4 20 15
wall 120 128 65 4 36 15
wall 120 168 65 4 20 15
wall 124 8 65 4 20 15
wall 124 32 65 4 36 15
wall 124 72 65 4 20 15
wall 132 104 65 4 20 15
wall 132 128 65 4 36 15
wall 132 168 65 4 20 15
wall 136 8 65 4 20 15
wall 136 32 65 4 36 15
wall 136 72 65 4 20 15
wall 144 104 65 4 20 15
wall 144 128 65 4 36 15
wall 144 168 65 4 20 15
wall 148 8 65 4 20 15
wall 148 32 65 4 36 15
wall 148 72 65 4 20 15
wall 156 104 65 4 20 15
wall 156 128 65 4 36 15
wall 156 168 65 4 20 15
wall 160 8 65 4 20 15
wall 160 32 65 4 36 15
wall 160 72 65 4 20 15
wall 168 104 65 4 20 15
wall 168 128 65 4 36 15
wall 168 168 65 4 20 15
wall 172 8 65 4 20 15
wall 172 32 65 4 36 15
wall 172 72 65 4 20 15
wall 176 128 65 4 20 15
wall 180 104 65 4 20 15
wall 180 144 65 4 20 15
wall 180 168 65 4 20 15
wall 184 8 65 4 24 15
wall 184 40 65 4 52 15
wall 192 104 65 4 20 15
wall 192 144 65 4 20 15
wall 192 168 65 4 20 15
wall 200 8 65 4 84 15
wall 200 104 65 4 84 15
wall 212 8 65 4 20 15
wall 212 72 65 4 20 15
wall 224 8 65 4 20 15
wall 224 32 65 4 36 15
wall 224 72 65 4 20 15
wall 236 8 65 4 20 15
wall 236 32 65 4 36 15
wall 236 72 65 4 20 15
wall 248 8 65 4 20 15
wall 248 32 65 4 36 15
wall 248 72 65 4 20 15
wall 260 8 65 4 20 15
wall 260 32 65 4 36 15
wall 260 72 65 4 20 15
wall 264 104 65 4 84 15
wall 272 8 65 4 20 15
wall 272 32 65 4 36 15
wall 272 72 65 4 20 15
wall 284 8 65 4 20 15
wall 284 32 65 4 36 15
wall 284 72 65 4 20 15
wall 296 8 65 4 20 15
wall 296 32 65 4 36 15
wall 296 72 65 4 20 15
wall 304 72 65 4 20 15
wall 308 8 65 4 20 15
wall 308 32 65 4 36 15
wall 320 8 65 4 20 15
wall 320 32 65 4 36 15
wall 320 104 65 4 84 15
wall 332 8 65 4 20 15
wall 332 32 65 4 36 15
wall 344 8 65 4 20 15
wall 344 32 65 4 36 15
wall 356 8 65 4 20 15
wall 356 32 65 4 36 15
wall 360 8 65 4 84 15
wall 360 104 65 4 92 15
wall 384 0 65 4 92 15
wall 384 104 65 4 92 15
door 40 0 65 8 4 15
door 64 4 65 4 4 15
door 360 4 65 4 4 15
door 192 8 65 4 4 15
door 68 24 65 4 4 15
door 80 24 65 4 4 15
door 92 24 65 4 4 15
door 104 24 65 4 4 15
door 128 24 65 4 4 15
door 140 24 65 4 4 15
door 152 24 65 4 4 15
door 164 24 65 4 4 15
door 176 24 65 4 4 15
door 204 24 65 4 4 15
door 216 24 65 4 4 15
door 228 24 65 4 4 15
door 240 24 65 4 4 15
door 252 24 65 4 4 15
door 264 24 65 4 4 15
door 288 24 65 4 4 15
door 300 24 65 4 4 15
door 312 24 65 4 4 15
door 324 24 65 4 4 15
door 336 24 65 4 4 15
door 348 24 65 4 4 15
door 76 32 65 8 4 15
door 92 32 65 4 4 15
door 104 32 65 4 4 15
door 128 32 65 4 4 15
door 140 32 65 4 4 15
door 152 32 65 4 4 15
door 164 32 65 4 4 15
door 176 32 65 4 4 15
door 184 32 65 4 8 15
door 212 32 65 8 4 15
door 228 32 65 4 4 15
door 240 32 65 4 4 15
door 252 32 65 4 4 15
door 264 32 65 4 4 15
door 288 32 65 4 4 15
door 300 32 65 4 4 15
door 312 32 65 4 4 15
door 324 32 65 4 4 15
door 336 32 65 4 4 15
door 348 32 65 4 4 15
door 40 48 65 8 4 15
door 68 64 65 4 4 15
door 80 64 65 4 4 15
door 92 64 65 4 4 15
door 104 64 65 4 4 15
door 128 64 65 4 4 15
door 140 64 65 4 4 15
door 152 64 65 4 4 15
door 164 64 65 4 4 15
door 176 64 65 4 4 15
door 212 64 65 8 4 15
door 228 64 65 4 4 15
door 240 64 65 4 4 15
door 252 64 65 4 4 15
door 264 64 65 4 4 15
door 288 64 65 4 4 15
door 300 64 65 4 4 15
door 312 64 65 4 4 15
door 324 64 65 4 4 15
door 336 64 65 4 4 15
door 348 64 65 4 4 15
door 88 72 65 8 4 15
door 128 72 65 4 4 15
door 140 72 65 4 4 15
door 152 72 65 4 4 15
door 164 72 65 4 4 15
door 176 72 65 4 4 15
door 204 72 65 4 4 15
door 216 72 65 4 4 15
door 228 72 65 4 4 15
door 240 72 65 4 4 15
door 252 72 65 4 4 15
door 264 72 65 4 4 15
door 288 72 65 4 4 15
door 332 72 65 8 4 15
door 12 80 65 4 4 15
door 372 80 65 4 4 15
door 40 88 65 8 4 15
door 116 88 65 8 4 15
door 188 88 65 12 4 15
door 276 88 65 8 4 15
door 0 92 65 4 12 15
door 24 92 65 4 12 15
door 360 92 65 4 12 15
door 384 92 65 4 12 15
door 100 104 65 8 4 15
door 232 104 65 8 4 15
door 292 104 65 8 4 15
door 336 104 65 8 4 15
door 12 112 65 4 4 15
door 372 112 65 4 4 15
door 28 120 65 4 4 15
door 40 120 65 4 4 15
door 52 120 65 4 4 15
door 64 120 65 4 4 15
door 76 120 65 4 4 15
door 88 120 65 4 4 15
door 112 120 65 4 4 15
door 124 120 65 4 4 15
door 136 120 65 4 4 15
door 148 120 65 4 4 15
door 160 120 65 4 4 15
door 172 120 65 4 4 15
door 184 120 65 4 4 15
door 28 128 65 4 4 15
door 40 128 65 4 4 15
door 52 128 65 4 4 15
door 64 128 65 4 4 15
door 76 128 65 4 4 15
door 88 128 65 4 4 15
door 112 128 65 4 4 15
door 124 128 65 4 4 15
door 136 128 65 4 4 15
door 148 128 65 4 4 15
door 160 128 65 4 4 15
door 188 128 65 8 4 15
door 336 144 65 8 4 15
door 28 160 65 4 4 15
door 40 160 65 4 4 15
door 52 160 65 4 4 15
door 64 160 65 4 4 15
door 76 160 65 4 4 15
door 88 160 65 4 4 15
door 112 160 65 4 4 15
door 124 160 65 4 4 15
door 136 160 65 4 4 15
door 148 160 65 4 4 15
door 160 160 65 4 4 15
door 172 160 65 4 4 15
door 184 160 65 4 4 15
door 48 168 65 8 4 15
door 76 168 65 4 4 15
door 88 168 65 4 4 15
door 112 168 65 4 4 15
door 124 168 65 4 4 15
door 136 168 65 4 4 15
door 148 168 65 4 4 15
door 160 168 65 4 4 15
door 172 168 65 4 4 15
door 184 168 65 4 4 15
door 292 184 65 4 4 15
door 24 188 65 4 4 15
door 320 188 65 4 4 15
door 336 192 65 8 4 15
wedge 28 52 65 4 4 4
wedge 32 52 65 4 4 4
wedge 28 56 69 4 4 4
wedge 32 56 69 4 4 4
wedge 56 52 65 4 4 4
wedge 60 52 65 4 4 4
wedge 56 56 69 4 4 4
wedge 60 56 69 4 4 4
wedge 324 108 65 4 4 4
wedge 328 108 65 4 4 4
wedge 324 112 69 4 4 4
wedge 328 112 69 4 4 4
wedge 352 108 65 4 4 4
wedge 356 108 65 4 4 4
wedge 352 112 69 4 4 4
wedge 356 112 69 4 4 4
wall 0 0 81 40 4 15
wall 48 0 81 340 4 15
wall 64 8 81 128 4 15
wall 196 8 81 168 4 15
wall 356 12 81 8 4 15
wall 356 16 81 8 4 15
wall 356 20 81 8 4 15
wall 72 24 81 8 4 15
wall 84 24 81 8 4 15
wall 96 24 81 8 4 15
wall 108 24 81 20 4 15
wall 132 24 81 8 4 15
wall 144 24 81 8 4 15
wall 156 24 81 8 4 15
wall 168 24 81 8 4 15
wall 180 24 81 8 4 15
wall 208 24 81 8 4 15
wall 220 24 81 8 4 15
wall 232 24 81 8 4 15
wall 244 24 81 8 4 15
wall 256 24 81 8 4 15
wall 268 24 81 20 4 15
wall 292 24 81 8 4 15
wall 304 24 81 8 4 15
wall 316 24 81 8 4 15
wall 328 24 81 8 4 15
wall 340 24 81 8 4 15
wall 352 24 81 12 4 15
wall 64 32 81 12 4 15
wall 84 32 81 8 4 15
wall 96 32 81 8 4 15
wall 108 32 81 8 4 15
wall 132 32 81 8 4 15
wall 144 32 81 8 4 15
wall 156 32 81 8 4 15
wall 168 32 81 8 4 15
wall 200 32 81 12 4 15
wall 220 32 81 8 4 15
wall 232 32 81 8 4 15
wall 244 32 81 8 4 15
wall 256 32 81 8 4 15
wall 268 32 81 8 4 15
wall 292 32 81 8 4 15
wall 304 32 81 8 4 15
wall 316 32 81 8 4 15
wall 328 32 81 8 4 15
wall 340 32 81 8 4 15
wall 352 32 81 12 4 15
wall 356 36 81 8 4 15
wall 356 40 81 8 4 15
wall 356 44 81 8 4 15
wall 24 48 81 16 4 15
wall 48 48 81 68 4 15
wall 124 48 81 64 4 15
wall 200 48 81 76 4 15
wall 284 48 81 80 4 15
wall 356 52 81 8 4 15
wall 356 56 81 8 4 15
wall 356 60 81 8 4 15
wall 72 64 81 8 4 15
wall 84 64 81 8 4 15
wall 96 64 81 8 4 15
wall 108 64 81 8 4 15
wall 132 64 81 8 4 15
wall 144 64 81 8 4 15
wall 156 64 81 8 4 15
wall 168 64 81 8 4 15
wall 180 64 81 8 4 15
wall 200 64 81 12 4 15
wall 220 64 81 8 4 15
wall 232 64 81 8 4 15
wall 244 64 81 8 4 15
wall 256 64 81 8 4 15
wall 268 64 81 8 4 15
wall 292 64 81 8 4 15
wall 304 64 81 8 4 15
wall 316 64 81 8 4 15
wall 328 64 81 8 4 15
wall 340 64 81 8 4 15
wall 352 64 81 12 4 15
wall 184 68 81 20 4 15
wall 64 72 81 24 4 15
wall 96 72 81 20 4 15
wall 132 72 81 8 4 15
wall 144 72 81 8 4 15
wall 156 72 81 8 4 15
wall 168 72 81 8 4 15
wall 180 72 81 8 4 15
wall 208 72 81 8 4 15
wall 220 72 81 8 4 15
wall 232 72 81 8 4 15
wall 244 72 81 8 4 15
wall 256 72 81 8 4 15
wall 268 72 81 8 4 15
wall 292 72 81 40 4 15
wall 340 72 81 24 4 15
wall 0 80 81 12 4 15
wall 16 80 81 12 4 15
wall 360 80 81 12 4 15
wall 376 80 81 12 4 15
wall 24 88 81 16 4 15
wall 48 88 81 68 4 15
wall 124 88 81 64 4 15
wall 200 88 81 76 4 15
wall 284 88 81 80 4 15
wall 24 104 81 76 4 15
wall 108 104 81 124 4 15
wall 240 104 81 52 4 15
wall 300 104 81 36 4 15
wall 344 104 81 20 4 15
wall 0 112 81 12 4 15
wall 16 112 81 12 4 15
wall 360 112 81 12 4 15
wall 376 112 81 12 4 15
wall 32 120 81 8 4 15
wall 44 120 81 8 4 15
wall 56 120 81 8 4 15
wall 68 120 81 8 4 15
wall 80 120 81 8 4 15
wall 92 120 81 8 4 15
wall 116 120 81 8 4 15
wall 128 120 81 8 4 15
wall 140 120 81 8 4 15
wall 152 120 81 8 4 15
wall 164 120 81 8 4 15
wall 176 120 81 8 4 15
wall 188 120 81 16 4 15
wall 32 128 81 8 4 15
wall 44 128 81 8 4 15
wall 56 128 81 8 4 15
wall 68 128 81 8 4 15
wall 80 128 81 8 4 15
wall 92 128 81 8 4 15
wall 116 128 81 8 4 15
wall 128 128 81 8 4 15
wall 140 128 81 8 4 15
wall 152 128 81 8 4 15
wall 164 128 81 24 4 15
wall 196 128 81 8 4 15
wall 24 144 81 76 4 15
wall 108 144 81 96 4 15
wall 320 144 81 16 4 15
wall 344 144 81 20 4 15
wall 32 160 81 8 4 15
wall 44 160 81 8 4 15
wall 56 160 81 8 4 15
wall 68 160 81 8 4 15
wall 80 160 81 8 4 15
wall 92 160 81 8 4 15
wall 116 160 81 8 4 15
wall 128 160 81 8 4 15
wall 140 160 81 8 4 15
wall 152 160 81 8 4 15
wall 164 160 81 8 4 15
wall 176 160 81 8 4 15
wall 188 160 81 16 4 15
wall 24 168 81 24 4 15
wall 56 168 81 20 4 15
wall 80 168 81 8 4 15
wall 92 168 81 20 4 15
wall 116 168 81 8 4 15
wall 128 168 81 8 4 15
wall 140 168 81 8 4 15
wall 152 168 81 8 4 15
wall 164 168 81 8 4 15
wall 176 168 81 8 4 15
wall 188 168 81 16 4 15
wall 24 184 81 268 4 15
wall 296 184 81 28 4 15
wall 0 192 81 336 4 15
wall 344 192 81 44 4 15
wall 0 0 81 4 92 15
wall 0 104 81 4 92 15
wall 24 0 81 4 92 15
wall 24 104 81 4 84 15
wall 36 104 81 4 20 15
wall 36 128 81 4 36 15
wall 48 104 81 4 20 15
wall 48 128 81 4 36 15
wall 60 104 81 4 20 15
wall 60 128 81 4 36 15
wall 64 8 81 4 84 15
wall 72 104 81 4 20 15
wall 72 128 81 4 36 15
wall 72 168 81 4 20 15
wall 76 8 81 4 20 15
wall 76 48 81 4 20 15
wall 84 104 81 4 20 15
wall 84 128 81 4 36 15
wall 84 168 81 4 20 15
wall 88 8 81 4 20 15
wall 88 32 81 4 36 15
wall 96 104 81 4 20 15
wall 96 128 81 4 36 15
wall 96 168 81 4 20 15
wall 100 8 81 4 20 15
wall 100 32 81 4 36 15
wall 108 104 81 4 20 15
wall 108 128 81 4 36 15
wall 108 168 81 4 20 15
wall 112 8 81 4 20 15
wall 112 32 81 4 36 15
wall 112 72 81 4 20 15
wall 120 104 81 4 20 15
wall 120 128 81 4 36 15
wall 120 168 81 4 20 15
wall 124 8 81 4 20 15
wall 124 32 81 4 36 15
wall 124 72 81 4 20 15
wall 132 104 81 4 20 15
wall 132 128 81 4 36 15
wall 132 168 81 4 20 15
wall 136 8 81 4 20 15
wall 136 32 81 4 36 15
wall 136 72 81 4 20 15
wall 144 104 81 4 20 15
wall 144 128 81 4 36 15
wall 144 168 81 4 20 15
wall 148 8 81 4 20 15
wall 148 32 81 4 36 15
wall 148 72 81 4 20 15
wall 156 104 81 4 20 15
wall 156 128 81 4 36 15
wall 156 168 81 4 20 15
wall 160 8 81 4 20 15
wall 160 32 81 4 36 15
wall 160 72 81 4 20 15
wall 168 104 81 4 20 15
wall 168 128 81 4 36 15
wall 168 168 81 4 20 15
wall 172 8 81 4 20 15
wall 172 32 81 4 36 15
wall 172 72 81 4 20 15
wall 176 128 81 4 20 15
wall 180 104 81 4 20 15
wall 180 144 81 4 20 15
wall 180 168 81 4 20 15
wall 184 8 81 4 24 15
wall 184 40 81 4 52 15
wall 192 104 81 4 20 15
wall 192 144 81 4 20 15
wall 192 168 81 4 20 15
wall 200 8 81 4 84 15
wall 200 104 81 4 84 15
wall 212 8 81 4 20 15
wall 212 72 81 4 20 15
wall 224 8 81 4 20 15
wall 224 32 81 4 36 15
wall 224 72 81 4 20 15
wall 236 8 81 4 20 15
wall 236 32 81 4 36 15
wall 236 72 81 4 20 15
wall 248 8 81 4 20 15
wall 248 32 81 4 36 15
wall 248 72 81 4 20 15
wall 260 8 81 4 20 15
wall 260 32 81 4 36 15
wall 260 72 81 4 20 15
wall 264 104 81 4 84 15
wall 272 8 81 4 20 15
wall 272 32 81 4 36 15
wall 272 72 81 4 20 15
wall 284 8 81 4 20 15
wall 284 32 81 4 36 15
wall 284 72 81 4 20 15
wall 296 8 81 4 20 15
wall 296 32 81 4 36 15
wall 296 72 81 4 20 15
wall 304 72 81 4 20 15
wall 308 8 81 4 20 15
wall 308 32 81 4 36 15
wall 320 8 81 4 20 15
wall 320 32 81 4 36 15
wall 320 104 81 4 84 15
wall 332 8 81 4 20 15
wall 332 32 81 4 36 15
wall 344 8 81 4 20 15
wall 344 32 81 4 36 15
wall 356 8 81 4 20 15
wall 356 32 81 4 36 15
wall 360 8 81 4 84 15
wall 360 104 81 4 92 15
wall 384 0 81 4 92 15
wall 384 104 81 4 92 15
door 40 0 81 8 4 15
door 64 4 81 4 4 15
door 360 4 81 4 4 15
door 192 8 81 4 4 15
door 68 24 81 4 4 15
door 80 24 81 4 4 15
door 92 24 81 4 4 15
door 104 24 81 4 4 15
door 128 24 81 4 4 15
door 140 24 81 4 4 15
door 152 24 81 4 4 15
door 164 24 81 4 4 15
door 176 24 81 4 4 15
door 204 24 81 4 4 15
door 216 24 81 4 4 15
door 228 24 81 4 4 15
door 240 24 81 4 4 15
door 252 24 81 4 4 15
door 264 24 81 4 4 15
door 288 24 81 4 4 15
door 300 24 81 4 4 15
door 312 24 81 4 4 15
door 324 24 81 4 4 15
door 336 24 81 4 4 15
door 348 24 81 4 4 15
door 76 32 81 8 4 15
door 92 32 81 4 4 15
door 104 32 81 4 4 15
door 128 32 81 4 4 15
door 140 32 81 4 4 15
door 152 32 81 4 4 15
door 164 32 81 4 4 15
door 176 32 81 4 4 15
door 184 32 81 4 8 15
door 212 32 81 8 4 15
door 228 32 81 4 4 15
door 240 32 81 4 4 15
door 252 32 81 4 4 15
door 264 32 81 4 4 15
door 288 32 81 4 4 15
door 300 32 81 4 4 15
door 312 32 81 4 4 15
door 324 32 81 4 4 15
door 336 32 81 4 4 15
door 348 32 81 4 4 15
door 40 48 81 8 4 15
door 68 64 81 4 4 15
door 80 64 81 4 4 15
door 92 64 81 4 4 15
door 104 64 81 4 4 15
door 128 64 81 4 4 15
door 140 64 81 4 4 15
door 152 64 81 4 4 15
door 164 64 81 4 4 15
door 176 64 81 4 4 15
door 212 64 81 8 4 15
door 228 64 81 4 4 15
door 240 64 81 4 4 15
door 252 64 81 4 4 15
door 264 64 81 4 4 15
door 288 64 81 4 4 15
door 300 64 81 4 4 15
door 312 64 81 4 4 15
door 324 64 81 4 4 15
door 336 64 81 4 4 15
door 348 64 81 4 4 15
door 88 72 81 8 4 15
door 128 72 81 4 4 15
door 140 72 81 4 4 15
door 152 72 81 4 4 15
door 164 72 81 4 4 15
door 176 72 81 4 4 15
door 204 72 81 4 4 15
door 216 72 81 4 4 15
door 228 72 81 4 4 15
door 240 72 81 4 4 15
door 252 72 81 4 4 15
door 264 72 81 4 4 15
door 288 72 81 4 4 15
door 332 72 81 8 4 15
door 12 80 81 4 4 15
door 372 80 81 4 4 15
door 40 88 81 8 4 15
door 116 88 81 8 4 15
door 188 88 81 12 4 15
door 276 88 81 8 4 15
door 0 92 81 4 12 15
door 24 92 81 4 12 15
door 360 92 81 4 12 15
door 384 92 81 4 12 15
door 100 104 81 8 4 15
door 232 104 81 8 4 15
door 292 104 81 8 4 15
door 336 104 81 8 4 15
door 12 112 81 4 4 15
door 372 112 81 4 4 15
door 28 120 81 4 4 15
door 40 120 81 4 4 15
door 52 120 81 4 4 15
door 64 120 81 4 4 15
door 76 120 81 4 4 15
door 88 120 81 4 4 15
door 112 120 81 4 4 15
door 124 120 81 4 4 15
door 136 120 81 4 4 15
door 148 120 81 4 4 15
door 160 120 81 4 4 15
door 172 120 81 4 4 15
door 184 120 81 4 4 15
door 28 128 81 4 4 15
door 40 128 81 4 4 15
door 52 128 81 4 4 15
door 64 128 81 4 4 15
door 76 128 81 4 4 15
door 88 128 81 4 4 15
door 112 128 81 4 4 15
door 124 128 81 4 4 15
door 136 128 81 4 4 15
door 148 128 81 4 4 15
door 160 128 81 4 4 15
door 188 128 81 8 4 15
door 336 144 81 8 4 15
door 28 160 81 4 4 15
door 40 160 81 4 4 15
door 52 160 81 4 4 15
door 64 160 81 4 4 15
door 76 160 81 4 4 15
door 88 160 81 4 4 15
door 112 160 81 4 4 15
door 124 160 81 4 4 15
door 136 160 81 4 4 15
door 148 160 81 4 4 15
door 160 160 81 4 4 15
door 172 160 81 4 4 15
door 184 160 81 4 4 15
door 48 168 81 8 4 15
door 76 168 81 4 4 15
door 88 168 81 4 4 15
door 112 168 81 4 4 15
door 124 168 81 4 4 15
door 136 168 81 4 4 15
door 148 168 81 4 4 15
door 160 168 81 4 4 15
door 172 168 81 4 4 15
door 184 168 81 4 4 15
door 292 184 81 4 4 15
door 24 188 81 4 4 15
door 320 188 81 4 4 15
door 336 192 81 8 4 15
wedge 28 52 81 4 4 4
wedge 32 52 81 4 4 4
wedge 28 56 85 4 4 4
wedge 32 56 85 4 4 4
wedge 56 52 81 4 4 4
wedge 60 52 81 4 4 4
wedge 56 56 85 4 4 4
wedge 60 56 85 4 4 4
wedge 324 108 81 4 4 4
wedge 328 108 81 4 4 4
wedge 324 112 85 4 4 4
wedge 328 112 85 4 4 4
wedge 352 108 81 4 4 4
wedge 356 108 81 4 4 4
wedge 352 112 85 4 4 4
wedge 356 112 85 4 4 4
wall 0 0 97 40 4 15
wall 48 0 97 68 4 15
wall 184 0 97 20 4 15
wall 360 0 97 28 4 15
wall 64 8 97 52 4 15
wall 184 8 97 8 4 15
wall 196 8 97 8 4 15
wall 24 48 97 16 4 15
wall 48 48 97 20 4 15
wall 184 68 97 20 4 15
wall 208 72 97 44 4 15
wall 0 80 97 12 4 15
wall 16 80 97 12 4 15
wall 360 80 97 12 4 15
wall 376 80 97 12 4 15
wall 24 88 97 16 4 15
wall 48 88 97 40 4 15
wall 96 88 97 52 4 15
wall 156 88 97 32 4 15
wall 200 88 97 76 4 15
wall 292 88 97 72 4 15
wall 24 104 97 36 4 15
wall 68 104 97 60 4 15
wall 136 104 97 52 4 15
wall 196 104 97 44 4 15
wall 248 104 97 44 4 15
wall 300 104 97 36 4 15
wall 344 104 97 20 4 15
wall 0 112 97 12 4 15
wall 16 112 97 12 4 15
wall 360 112 97 12 4 15
wall 376 112 97 12 4 15
wall 320 144 97 16 4 15
wall 344 144 97 20 4 15
wall 24 184 97 268 4 15
wall 296 184 97 28 4 15
wall 0 192 97 336 4 15
wall 344 192 97 44 4 15
wall 0 0 97 4 92 15
wall 0 104 97 4 92 15
wall 24 0 97 4 92 15
wall 24 104 97 4 84 15
wall 64 8 97 4 84 15
wall 96 104 97 4 40 15
wall 96 152 97 4 36 15
wall 112 8 97 4 16 15
wall 112 32 97 4 60 15
wall 160 104 97 4 84 15
wall 184 8 97 4 24 15
wall 184 40 97 4 52 15
wall 200 8 97 4 84 15
wall 216 104 97 4 84 15
wall 264 104 97 4 84 15
wall 320 104 97 4 84 15
wall 360 8 97 4 84 15
wall 360 104 97 4 92 15
wall 384 0 97 4 92 15
wall 384 104 97 4 92 15
window 116 0 97 68 4 15
window 204 0 97 156 4 15
door 40 0 97 8 4 15
door 64 4 97 4 4 15
door 360 4 97 4 4 15
door 192 8 97 4 4 15
door 112 24 97 4 8 15
door 184 32 97 4 8 15
door 40 48 97 8 4 15
door 12 80 97 4 4 15
door 372 80 97 4 4 15
door 40 88 97 8 4 15
door 88 88 97 8 4 15
door 148 88 97 8 4 15
door 188 88 97 12 4 15
door 276 88 97 16 4 15
door 0 92 97 4 12 15
door 24 92 97 4 12 15
door 360 92 97 4 12 15
door 384 92 97 4 12 15
door 60 104 97 8 4 15
door 128 104 97 8 4 15
door 188 104 97 8 4 15
door 240 104 97 8 4 15
door 292 104 97 8 4 15
door 336 104 97 8 4 15
door 12 112 97 4 4 15
door 372 112 97 4 4 15
door 96 144 97 4 8 15
door 336 144 97 8 4 15
door 292 184 97 4 4 15
door 24 188 97 4 4 15
door 320 188 97 4 4 15
door 336 192 97 8 4 15
wedge 28 52 97 4 4 4
wedge 32 52 97 4 4 4
wedge 28 56 101 4 4 4
wedge 32 56 101 4 4 4
wedge 56 52 97 4 4 4
wedge 60 52 97 4 4 4
wedge 56 56 101 4 4 4
wedge 60 56 101 4 4 4
wedge 324 108 97 4 4 4
wedge 328 108 97 4 4 4
wedge 324 112 101 4 4 4
wedge 328 112 101 4 4 4
wedge 352 108 97 4 4 4
wedge 356 108 97 4 4 4
wedge 352 112 101 4 4 4
wedge 356 112 101 4 4 4
wall 0 0 113 40 4 15
wall 48 0 113 220 4 15
wall 360 0 113 28 4 15
wall 64 8 113 128 4 15
wall 196 8 113 72 4 15
wall 24 48 113 16 4 15
wall 48 48 113 20 4 15
wall 184 68 113 20 4 15
wall 0 80 113 12 4 15
wall 16 80 113 12 4 15
wall 360 80 113 12 4 15
wall 376 80 113 12 4 15
wall 24 88 113 16 4 15
wall 48 88 113 44 4 15
wall 100 88 113 52 4 15
wall 160 88 113 28 4 15
wall 200 88 113 32 4 15
wall 240 88 113 72 4 15
wall 320 88 113 44 4 15
wall 24 104 113 48 4 15
wall 80 104 113 88 4 15
wall 176 104 113 64 4 15
wall 248 104 113 44 4 15
wall 300 104 113 36 4 15
wall 344 104 113 20 4 15
wall 0 112 113 12 4 15
wall 16 112 113 12 4 15
wall 360 112 113 12 4 15
wall 376 112 113 12 4 15
wall 320 144 113 16 4 15
wall 344 144 113 20 4 15
wall 24 184 113 8 4 15
wall 212 184 113 80 4 15
wall 296 184 113 28 4 15
wall 0 192 113 32 4 15
wall 212 192 113 124 4 15
wall 344 192 113 44 4 15
wall 0 0 113 4 92 15
wall 0 104 113 4 92 15
wall 24 0 113 4 92 15
wall 24 104 113 4 84 15
wall 64 8 113 4 84 15
wall 120 8 113 4 84 15
wall 120 104 113 4 40 15
wall 120 152 113 4 32 15
wall 184 8 113 4 24 15
wall 184 40 113 4 52 15
wall 200 8 113 4 84 15
wall 216 104 113 4 84 15
wall 264 8 113 4 84 15
wall 264 104 113 4 84 15
wall 320 104 113 4 84 15
wall 360 8 113 4 84 15
wall 360 104 113 4 92 15
wall 384 0 113 4 92 15
wall 384 104 113 4 92 15
window 268 0 113 92 4 15
window 32 192 113 180 4 15
door 40 0 113 8 4 15
door 64 4 113 4 4 15
door 360 4 113 4 4 15
door 192 8 113 4 4 15
door 184 32 113 4 8 15
door 40 48 113 8 4 15
door 12 80 113 4 4 15
door 372 80 113 4 4 15
door 40 88 113 8 4 15
door 92 88 113 8 4 15
door 152 88 113 8 4 15
door 188 88 113 12 4 15
door 232 88 113 8 4 15
door 312 88 113 8 4 15
door 0 92 113 4 12 15
door 24 92 113 4 12 15
door 360 92 113 4 12 15
door 384 92 113 4 12 15
door 72 104 113 8 4 15
door 168 104 113 8 4 15
door 240 104 113 8 4 15
door 292 104 113 8 4 15
door 336 104 113 8 4 15
door 12 112 113 4 4 15
door 372 112 113 4 4 15
door 120 144 113 4 8 15
door 336 144 113 8 4 15
door 292 184 113 4 4 15
door 24 188 113 4 4 15
door 320 188 113 4 4 15
door 336 192 113 8 4 15
wedge 28 52 113 4 4 4
wedge 32 52 113 4 4 4
wedge 28 56 117 4 4 4
wedge 32 56 117 4 4 4
wedge 56 52 113 4 4 4
wedge 60 52 113 4 4 4
wedge 56 56 117 4 4 4
wedge 60 56 117 4 4 4
wedge 324 108 113 4 4 4
wedge 328 108 113 4 4 4
wedge 324 112 117 4 4 4
wedge 328 112 117 4 4 4
wedge 352 108 113 4 4 4
wedge 356 108 113 4 4 4
wedge 352 112 117 4 4 4
wedge 356 112 117 4 4 4
wall 0 0 129 40 4 15
wall 48 0 129 20 4 15
wall 184 0 129 204 4 15
wall 184 8 129 8 4 15
wall 196 8 129 76 4 15
wall 276 8 129 88 4 15
wall 24 48 129 16 4 15
wall 48 48 129 20 4 15
wall 184 68 129 20 4 15
wall 0 80 129 12 4 15
wall 16 80 129 12 4 15
wall 360 80 129 12 4 15
wall 376 80 129 12 4 15
wall 24 88 129 16 4 15
wall 48 88 129 76 4 15
wall 132 88 129 56 4 15
wall 200 88 129 24 4 15
wall 232 88 129 40 4 15
wall 280 88 129 48 4 15
wall 336 88 129 28 4 15
wall 24 104 129 40 4 15
wall 72 104 129 116 4 15
wall 196 104 129 92 4 15
wall 296 104 129 40 4 15
wall 344 104 129 20 4 15
wall 0 112 129 12 4 15
wall 16 112 129 12 4 15
wall 360 112 129 12 4 15
wall 376 112 129 12 4 15
wall 104 136 129 20 4 15
wall 132 136 129 16 4 15
wall 156 136 129 12 4 15
wall 176 136 129 12 4 15
wall 208 136 129 12 4 15
wall 228 136 129 12 4 15
wall 248 136 129 12 4 15
wall 320 144 129 16 4 15
wall 344 144 129 20 4 15
wall 116 148 129 12 4 15
wall 136 148 129 12 4 15
wall 156 148 129 12 4 15
wall 176 148 129 24 4 15
wall 208 148 129 12 4 15
wall 228 148 129 12 4 15
wall 248 148 129 12 4 15
wall 24 184 129 264 4 15
wall 292 184 129 32 4 15
wall 0 192 129 336 4 15
wall 344 192 129 44 4 15
wall 0 0 129 4 92 15
wall 0 104 129 4 92 15
wall 24 0 129 4 92 15
wall 24 104 129 4 84 15
wall 64 8 129 4 84 15
wall 104 104 129 4 84 15
wall 124 148 129 4 40 15
wall 144 104 129 4 36 15
wall 144 148 129 4 40 15
wall 164 104 129 4 36 15
wall 164 148 129 4 40 15
wall 184 8 129 4 24 15
wall 184 40 129 4 52 15
wall 184 104 129 4 36 15
wall 184 148 129 4 40 15
wall 196 104 129 4 36 15
wall 196 148 129 4 40 15
wall 200 8 129 4 84 15
wall 216 104 129 4 36 15
wall 216 148 129 4 40 15
wall 236 104 129 4 36 15
wall 236 148 129 4 40 15
wall 248 8 129 4 84 15
wall 256 104 129 4 84 15
wall 296 8 129 4 84 15
wall 320 104 129 4 84 15
wall 360 8 129 4 84 15
wall 360 104 129 4 92 15
wall 384 0 129 4 92 15
wall 384 104 129 4 92 15
window 68 0 129 116 4 15
door 40 0 129 8 4 15
door 64 4 129 4 4 15
door 360 4 129 4 4 15
door 192 8 129 4 4 15
door 272 8 129 4 4 15
door 184 32 129 4 8 15
door 40 48 129 8 4 15
door 12 80 129 4 4 15
door 372 80 129 4 4 15
door 40 88 129 8 4 15
door 124 88 129 8 4 15
door 188 88 129 12 4 15
door 224 88 129 8 4 15
door 272 88 129 8 4 15
door 328 88 129 8 4 15
door 0 92 129 4 12 15
door 24 92 129 4 12 15
door 360 92 129 4 12 15
door 384 92 129 4 12 15
door 64 104 129 8 4 15
door 188 104 129 8 4 15
door 288 104 129 8 4 15
door 336 104 129 8 4 15
door 12 112 129 4 4 15
door 372 112 129 4 4 15
door 124 136 129 8 4 15
door 148 136 129 8 4 15
door 168 136 129 8 4 15
door 200 136 129 8 4 15
door 220 136 129 8 4 15
door 240 136 129 8 4 15
door 336 144 129 8 4 15
door 108 148 129 8 4 15
door 128 148 129 8 4 15
door 148 148 129 8 4 15
door 168 148 129 8 4 15
door 200 148 129 8 4 15
door 220 148 129 8 4 15
door 240 148 129 8 4 15
door 288 184 129 4 4 15
door 24 188 129 4 4 15
door 320 188 129 4 4 15
door 336 192 129 8 4 15
wedge 28 52 129 4 4 4
wedge 32 52 129 4 4 4
wedge 28 56 133 4 4 4
wedge 32 56 133 4 4 4
wedge 56 52 129 4 4 4
wedge 60 52 129 4 4 4
wedge 56 56 133 4 4 4
wedge 60 56 133 4 4 4
wedge 324 108 129 4 4 4
wedge 328 108 129 4 4 4
wedge 324 112 133 4 4 4
wedge 328 112 133 4 4 4
wedge 352 108 129 4 4 4
wedge 356 108 129 4 4 4
wedge 352 112 133 4 4 4
wedge 356 112 133 4 4 4
